%YAML:1.0
image_width: 320
image_height: 192
camera_name: ps4_cam0_L
camera_matrix: !!opencv-matrix
  rows: 3
  cols: 3
  dt: d
  data: [215.62575893069962, 0.0, 159.38800861268504, 0.0, 215.7415473438914, 101.85943986750381, 0.0, 0.0, 1.0]
distortion_model: plumb_bob
distortion_coefficients: !!opencv-matrix
  rows: 1
  cols: 5
  dt: d
  data: [-0.01071335032675515, -0.0034546897165102413, 0.0026515546970131724, 0.0010621180736359254, 0.0]
rectification_matrix: !!opencv-matrix
  rows: 3
  cols: 3
  dt: d
  data: [0.9999977898376491, -0.0008314483037943979, 0.001931065388623947, 0.0008204554744722991, 0.9999834953946622, 0.005686456813157414, -0.0019357615120237253, -0.005684859891994995, 0.9999819674351018]
projection_matrix: !!opencv-matrix
  rows: 3
  cols: 4
  dt: d
  data: [216.92320966031704, 0.0, 160.63107299804688, 0.0, 0.0, 216.92320966031704, 101.56615447998047, 0.0, 0.0, 0.0, 1.0, 0.0]

