%YAML:1.0
image_width: 320
image_height: 192
camera_name: ps4_cam1_R
camera_matrix: !!opencv-matrix
  rows: 3
  cols: 3
  dt: d
  data: [214.7663813179036, 0.0, 160.53970510983115, 0.0, 214.66336240059533, 100.37778484164234, 0.0, 0.0, 1.0]
distortion_model: plumb_bob
distortion_coefficients: !!opencv-matrix
  rows: 1
  cols: 5
  dt: d
  data: [0.0046699954615033925, -0.01790567904910083, 0.000381039522427193, 0.00245168354879358, 0.0]
rectification_matrix: !!opencv-matrix
  rows: 3
  cols: 3
  dt: d
  data: [0.999998861720234, -0.00032995571134765146, -0.0014723068513663904, 0.0003215793373496505, 0.9999837834333585, -0.0056858998439827295, 0.0014741590707318924, 0.0056854199083763496, 0.9999827512789907]
projection_matrix: !!opencv-matrix
  rows: 3
  cols: 4
  dt: d
  data: [216.92320966031704, 0.0, 160.63107299804688, -17.31604388402104, 0.0, 216.92320966031704, 101.56615447998047, 0.0, 0.0, 0.0, 1.0, 0.0]

