%YAML:1.0
image_width: 752
image_height: 480
camera_name: VIsensor_cam1_R
camera_matrix: !!opencv-matrix
  rows: 3
  cols: 3
  dt: d
  data: [457.587, 0.0, 379.999, 0.0, 456.134, 255.238, 0.0, 0.0, 1]
distortion_model: plumb_bob
distortion_coefficients: !!opencv-matrix
  rows: 1
  cols: 5
  dt: d
  data: [-0.28368365, 0.07451284, -0.00010473, -3.555907e-05, 0.0]
rectification_matrix: !!opencv-matrix
  rows: 3
  cols: 3
  dt: d
  data: [0.9999633526194376, -0.003625811871560086, 0.007755443660172947, 0.003680398547259526, 0.9999684752771629, -0.007035845251224894, -0.007729688520722713, 0.007064130529506649, 0.999945173484644]
projection_matrix: !!opencv-matrix
  rows: 3
  cols: 4
  dt: d
  data: [435.2046959714599, 0, 367.4517211914062, -47.90639384423901, 0, 435.2046959714599, 252.2008514404297, 0, 0, 0, 1, 0]

# Camera extrinsics wrt. the IMU-frame [cam to imu].
cam2imu_matix: !!opencv-matrix
  rows: 3
  cols: 4
  dt: d
  data: [0.0125552670891, -0.999755099723, 0.0182237714554, -0.0198435579556,
         0.999598781151, 0.0130119051815, 0.0251588363115, 0.0453689425024,
        -0.0253898008918, 0.0179005838253, 0.999517347078, 0.00786212447038,
         0.0, 0.0, 0.0, 1.0]
