%YAML:1.0
image_width: 752
image_height: 480
camera_name: VIsensor_cam0_L
camera_matrix: !!opencv-matrix
  rows: 3
  cols: 3
  dt: d
  data: [458.654, 0.000000, 367.215, 0.000000, 457.296, 248.375, 0.000000, 0.000000, 1.000000]
distortion_model: plumb_bob
distortion_coefficients: !!opencv-matrix
  rows: 1
  cols: 5
  dt: d
  data: [-0.28340811, 0.07395907, 0.00019359, 1.76187114e-05, 0.000000]
rectification_matrix: !!opencv-matrix
  rows: 3
  cols: 3
  dt: d
  data: [0.999966347530033, -0.001422739138722922, 0.008079580483432283, 0.001365741834644127, 0.9999741760894847, 0.007055629199258132, -0.008089410156878961, -0.007044357138835809, 0.9999424675829176]
projection_matrix: !!opencv-matrix
  rows: 3
  cols: 4
  dt: d
  data: [435.2046959714599, 0, 367.4517211914062, 0,  0, 435.2046959714599, 252.2008514404297, 0,  0, 0, 1, 0]

# Camera extrinsics wrt. the IMU-frame [cam to imu].
cam2imu_matix: !!opencv-matrix
  rows: 4
  cols: 4
  dt: d
  data: [0.0148655429818, -0.999880929698, 0.00414029679422, -0.0216401454975,
         0.999557249008, 0.0149672133247, 0.025715529948, -0.064676986768,
        -0.0257744366974, 0.00375618835797, 0.999660727178, 0.00981073058949,
         0.0, 0.0, 0.0, 1.0]
